0.05100316908143223
0.015406433567791067
0.024953321791447547
0.06135881225567087
0.07998858514177057
0.043358051318978755
0.06697896820706495
0.013438703582956435
0.047324538774502545
0.010369705360258608
0.0007329450188604425
0.002068536921858
0.048329655021467466
0.019137841432075798
0.08668519827953612
0.09647894677515392
0.0854305131879502
0.06786798400847056
0.03956946588651962
0.07786599114919598
0.05247132730404193
0.0007208023407319963
0.08393238177796376
0.04507245266538289
0.02178068411749755
0.09867052159710717
0.06369871937553613
0.08857804568240951
0.06561186129803825
0.06644609802909958
0.07153449177390839
0.025912167984139135
0.08328811104563077
0.004581287491588637
0.012873370219194158
0.08026297331621571
0.09228023284899223
0.09576271222488525
0.015475106622506585
0.016803005612573786
0.0804470317829917
0.0698111718557012
0.07880791727142346
0.08818815706141116
0.06451712862826484
0.06451424571311529
0.0658657531500714
0.06505039612446015
0.05011239332833858
0.07491812416814776
0.0478512990195353
0.012868996371649621
0.05991528339798036
0.0166901905169048
0.04767154447479144
0.07848438432800338
0.02730025324899673
0.05180905947147272
0.022781772414861245
0.011816325420547991
0.0380835461480169
0.09854605152440149
0.0334319471000455
0.0325870324530946
0.09586019125304225
0.0960096684941444
0.035128704688805815
0.024496467591002057
0.0009397554149039644
0.09271095988090056
0.033521345101559394
0.015122713423726009
0.030046407077758373
0.004614588366672378
0.06628744786970864
0.09769929299825697
0.0266573745219015
0.08871049134750893
0.04535907924161461
1.4180919384076951e-05
0.0805773309101211
0.07559680543396118
0.01561599703376897
0.0017398704190355941
0.025598614338806502
0.05749412959830593
0.09451577476007489
0.02510656138252122
0.08938799386367771
0.06994808676162789
0.010950881436395832
0.034353735431707375
0.09726827289901249
0.03725399020337341
0.08530987362370933
0.045274373608367655
0.09607415762883308
0.019735464984527586
0.011182375732966376
0.019932558701280877
0.04912524845490276
0.06130461167297864
0.043348586125076485
0.0867718893366482
0.09695013727782163
0.07298834556911307
0.01785457579494234
0.07819118103393173
0.035548303189605134
0.07495203629058914
0.040809355124238965
0.07591746418995464
0.09091575334538746
0.04650282661546919
0.017145462032052472
0.006115662641357589
0.08329147046726106
0.04924325281911586
0.046093460317302604
0.039641860026145545
0.050824105038702126
0.06515301192567638
0.011679423919003895
0.07274320104927648
0.09224655115473772
0.014231769466882493
0.01702532925802288
0.027786396187185414
0.048521232904582746
0.0899107893611196
0.09241657685350016
0.015429079225285015
0.048878334347374784
0.08979936898600832
0.06542610557685255
0.05526580065350871
0.04423198308624352
0.008292773144891408
0.04572743401691335
0.030776909650798177
0.028173763062931602
0.07076718803828341
0.0590423344124553
0.09454540971944643
0.03615108711064487
0.02361342383510795
0.05386333685498
0.02402389593782166
0.0809790261413004
0.05954036141231441
0.04478459284026724
0.05335484715357976
0.07024022985437892
0.09821578173387738
0.010667906649574755
0.055210495142794816
0.0058451677161518775
0.002429019884751038
0.06151794467102305
0.042099915696280035
0.020102962205232954
0.03270999588263609
0.010195181980687307
0.04123225111272412
0.03414993947485746
0.09511432731012524
0.01362417989545749
0.0645287422370873
0.06361217683340764
0.08765285308584495
0.028093055627482277
0.08430204103586407
0.02474959365853373
0.013296607740249256
0.08357811526072614
0.07385758459731315
0.08784722066038382
0.07884705636759551
0.0037777607516059518
0.047132732700705074
0.008919853348167084
0.022414337911511317
0.0008378936013058391
0.04923357060672159
0.09814624591486784
0.04276052682916245
0.04157257627668306
0.08320231285029678
0.07334078486192268
0.012821113676452677
0.0009960964840182718
0.08511764314261719
0.0858284380719719
0.0055702170097936985
0.04871801892800862
0.08176247997617242
0.021791748795444276
0.09173679842555685
0.09163415227592966
0.05496889353909747
0.007924330448142058
0.008910115951403985
0.05255854436101243
0.03964251059104795
0.09107788749674145
0.015725113292871396
0.03808338534957643
0.03438258172177151
0.06230031127548387
0.09131398344006737
0.037883086467396854
0.029315188060346154
0.006202137636492322
0.05063366254165615
0.08332824915077107
0.016048864028606048
0.017329771193747512
0.02435304919666319
0.08383065367665529
0.08863985870556215
0.0929055474246168
0.06222186595580801
0.037642343162640646
0.001584761486544295
0.015624250821737195
0.03485876807481717
0.08950853317738251
0.0564423554441727
0.05492461394868377
0.09438401204967117
0.06524252234624614
0.053224188674867626
0.05741361796613298
0.09380965312641845
0.043093041935011775
0.08397280792281861
0.046001557872982324
0.019926429256368994
0.09663923854961316
0.044400039302905855
0.014362902856827476
0.07782254855334361
0.07695313480422403
0.018232440317490783
0.029064314589540285
0.06054282686743958
0.05516901715631084
0.05512568662139074
1.586317583107677e-05
0.03644615561010003
0.05060914293182408
0.09533659787380191
0.09881096899638869
0.08295010865743854
0.0172087437349303
0.057315534399455706
0.0664031903254538
0.04660393618071723
0.0937937047436016
0.03857829016687521
0.04582376044549032
0.005140948474676355
0.027670170309282094
0.014663090754236396
0.09889484650740467
0.0007629247065938816
0.07581672840923555
0.07637233598837838
0.008749833884463043
0.08097972185239885
0.021972946195116493
0.07735965093733102
0.016287018172718094
0.042683906907811195
0.08047735368007904
0.00875835945031963
0.014291322044943489
0.09708781225509602
0.029474090429773215
0.0676304200297713
0.04969543895075087
0.04392775272098608
0.027409892946927118
0.0602524415966582
0.056999373685562016
0.01656949541920887
0.004245354576065952
0.06743968093294082
0.03483606598856962
0.037991066295487166
0.037248425285346345
0.03449381938722038
0.03721873686171884
0.05575057769812915
0.09321462795764401
0.08898125087601748
0.02843156783229591
0.09079664478778424
0.024038418118443993
0.08044467780937374
0.0945105014416907
0.028912087643980768
0.05160772223259473
0.09241756602691775
0.008872759972185706
0.07730692909618017
0.011479930278638384
0.07020595637950955
0.013116031492947943
0.004338224556868053
0.051879903575591
0.0839660370121266
0.054438698503424664
0.03799948325749357
0.07446170191284368
0.09757581781901428
0.025048170410485283
0.04279405282688105
0.07863206489879675
0.07800800085695916
0.0011949633174887953
0.09412311998509391
0.09839268569983356
0.07614279109588379
0.02615366417311422
0.03121579945983429
0.0821424416072387
0.09551338413353473
0.08445976976618425
0.012458138566598675
0.02541298149369492
0.046830070593028975
0.007188058876327452
0.03766759851950128
0.03655003851907964
0.07238492096111153
0.059965168524985867
0.003833397794503102
0.08964372583232866
0.039994027674471654
0.06160085830664973
0.009193587635155298
0.06685279512068484
0.07119456839995963
0.007598716972688713
0.07771069219065445
0.07069965034247466
0.03915046537008697
0.07331357399936224
0.04842617123811287
0.06376381914115126
0.018898625494899603
0.08203616158457556
0.09350820133919492
0.053500635327044466
0.03398015206977747
0.0908344815892573
0.0911750658980869
0.028139507972160405
0.07338231572939148
0.062484675217772026
0.04629237788544609
0.09793481966488293
0.05979445506389138
0.002426914051230633
0.03678895353201996
0.03217518292070716
0.05669837455259422
0.08507973178176831
0.008909458303692252
0.030342953930186756
0.03958532091726924
0.04825263775218379
0.08856922915685901
0.09802822396037547
0.01721937712941842
0.0706307984069578
0.022895175961713653
0.04962561858504785
0.09576358831854312
0.035272674625159185
0.015677184199542872
0.06250776876204392
0.027544100248020075
0.0705827169675765
0.05773387496428882
0.03186455363899131
0.07376668595398447
0.05029125961143227
0.06145456595406614
0.09123006031734901
0.056607348896350274
0.015254944088479183
0.01684459147032218
0.013670787255700988
0.07158264175377918
0.0019313762918997223
0.07444864389069225
0.052793041779429874
0.004865662417568662
0.06108704963164356
0.059101956172155634
0.09753317782528143
0.01085330800478843
0.06086212657432853
0.04029849988170807
0.03695061107335399
0.049646393736257496
0.029748729839575615
0.04071199068880784
0.025537579806427145
0.0064876387494294694
0.0451750616614342
0.04189580586660363
0.029580355709245564
0.02567620743046345
0.01625029444829649
0.0993521744786448
0.025928023712017856
0.046075876793653804
0.053156723397220995
0.08922200305675598
0.023534740822646096
0.06527361083183755
0.05636487219863042
0.0437407360756958
0.0071865529044231715
0.06648456635252956
0.07085331852433409
0.08797528296427648
0.011952301374798257
0.0490794686049192
0.08039653582794973
0.02332583644960399
0.04158765530616546
0.08797142769115943
0.03356729100296716
0.005783371291124273
0.0909189685021188
0.049273011589584303
0.0419513206653909
0.0008811458022718432
0.0031875466065762635
0.08119601158784694
0.07077982747423908
0.0166063810047263
0.07115818269966187
0.09146052902421917
0.062426897685167605
0.08333226584130239
0.005809145971886753
0.09018510581241336
0.00412044004016765
0.044032384448707815
0.002865653427682502
0.042560173032442736
0.060572647622605634
0.031228422057461493
0.0823301028352171
0.060282196155220444
0.02301112136076241
0.04720635922823654
0.025103371199525847
0.0007025518697168276
0.001930761164779371
0.04107804815905526
0.044624479819066185
0.09029711014392247
0.068354798465818
0.05567769279143914
0.0019842124128181316
0.08137415609720297
0.07643393188625093
0.05515912394500196
0.044571124635699934
0.028671369407913528
0.08202577766573826
0.08728194394524233
0.06594292588073018
0.021728585375605146
0.053545554343234235
0.032785350281131054
0.06008080104986648
0.09859045016344378
0.004060394343871354
0.011169899578786469
0.08323145460892008
0.036900529500618576
0.05219274427732238
0.0885913446178265
0.09979516105873681
0.0928882347645377
0.01831988326712699
0.05951683788998038
0.019147174349172326
0.0810500374659806
0.08451878209060958
0.04029066722518251
0.07831655268986382
0.07940609981161653
0.03962951049909254
0.06986576399123315
0.07124305409373917
0.016918897173650572
0.05012203604707392
0.0525563966598902
0.026571846389346954
0.04260511467235202
0.0824495627495159
0.08284706681415026
0.08314088959757326
0.06476195114465425
0.0698070642631194
0.04565743531807113
0.015666775538683186
0.08130311786931699
0.0031131106460617675
0.07258976000885022
0.029700478402893936
0.09194829558315769
0.04750067413635377
0.020244576002893144
0.07352626033423482
0.004200851837234831
0.06079202936640711
0.030022500937339547
0.0011355139666737513
0.07222085965333506
0.018756516489715123
0.08706724395609329
0.010013895604494737
0.01131950502353698
0.05046099352610857
0.06887885343369149
0.02764229878121425
0.08782612511060837
0.0021609472836773723
0.05226426266795418
0.008771587147640036
0.06753675081046465
0.0702630737015152
0.026591466826797805
0.02876523799142767
0.07167793124123431
0.01711889948843396
0.04246862684644152
0.024668054323375765
0.09207703209931951
0.008070311113723205
0.07849381031077189
0.08100965280551717
0.017323551706215478
0.008182450871339642
0.01592738749767426
0.0878782382654005
0.09984824361791875
0.06126830221978661
0.012564072728884679
0.09029108270256447
0.04571226036348919
0.053220758666676846
0.09824786293496515
0.007831421087858493
0.03728444785867461
0.08244071129045054
0.053898529815249764
0.08446562731343894
0.038478750391152026
0.04616017418950624
0.01835625494322054
0.07633410212890619
0.007725302145885471
0.04511669277741768
0.032444355184500596
0.059038974306786784
0.03757912269786499
0.01023035220975046
0.05278443608987373
0.04455294308539879
0.06269678892513472
0.09690450436818202
0.0028140360277940425
0.09296801499811905
0.08333629553452837
0.0351859967082665
0.007618952368404886
0.029943450650588278
0.004892920051133775
0.0380500693960021
0.08267592821740434
0.05477114577595084
0.0415305239603375
0.06093980540532203
0.014205598516267393
0.05053417796738864
0.04137229473555165
0.017994639439954396
0.02584157954605395
0.08607663880075855
0.05584612152909548
0.022812276566099864
0.07781268408342673
0.07613934900426725
0.06364643664199796
0.06715759077262885
0.03274839779568624
0.09001305320129535
0.01814820780257914
0.04504250092875721
0.09511226457755052
0.09864956991823558
0.09795915342611342
0.022517698986767164
0.03854399815207432
0.016568359110749643
0.09702016923685923
0.08367382313750424
0.022926288637257587
0.07429896120257383
0.004221394616628571
0.09269385326241994
0.03166036364680186
0.0790011987890418
0.06375750895152335
0.07631727442273353
0.03825689072325572
0.09060055092960706
0.08958364238676483
0.040695494491220084
0.05609169133752602
0.058938578600990485
0.05826245260631534
0.08179251155596837
0.07278231449792125
0.039274942748318574
0.03588558364445081
0.09682263321850837
0.05903656553127608
0.07520459131119558
0.057238316624786255
0.0571996506206154
0.05972934070818007
0.05198370401706772
0.09236832037965988
0.033887189358102955
0.04086693750157203
0.056449928435216255
0.010657432784814003
0.012596662916598066
0.020252690157914765
0.04779542519063075
0.07802023242214687
0.023263860392342427
0.06788903119077552
0.09653738469274528
0.09028487861030259
0.052762499299789586
0.09467172183247026
0.03319506536968515
0.0072524089826380474
0.06512052655821947
0.01400236837067228
0.06849668381639422
0.064036411753032
0.09271242849452363
0.0585393297575044
0.05364578150036701
0.09896914580798587
0.050339223776983896
0.01523797178955355
0.04785215549047291
0.07157237283668413
0.04896885377144737
0.053123135745958394
0.07201300166379695
0.02802768718682238
0.017183065022277434
0.05198771481342316
0.041910451875970776
0.003567608061390637
0.023933354418636456
0.0005532224645538486
0.07711665056725697
0.02512785561846753
0.06916828384113931
0.06742056995415915
0.013302131375307991
0.08743136935835003
0.032567361955204197
0.04624683705086237
0.09303627437779527
0.07753116474548451
0.04542485612917703
0.09056028665369764
0.03323114839763962
0.00975264945174631
0.020792405969104578
0.013885647390430921
0.04604981169933871
0.04157837484907958
0.05367511085229293
0.08718714799107137
0.05101699256789235
0.0749530293954983
0.06805584515304151
0.013162089641881213
0.09405925687323705
0.025052229571303875
0.03940912445909682
0.015910805073048706
0.005535104349422249
0.03071036961184309
0.0489391343495715
0.05129733036101804
0.01761191434327708
0.06659565587633344
0.04654603142121039
0.07573843666123606
0.029145594372205597
0.09153631626134748
0.0023355930769976994
0.040439001301376856
0.08115568669612062
0.06931474827559378
0.04411545457212892
0.07787801032962846
0.06227182439194299
0.08946095464229678
0.09841814178327164
0.09117209023555184
0.09504708499894099
0.09648973470640196
0.007495132480876276
0.06356314527656139
0.05925266488186022
0.006513876081024539
0.05340028431580716
0.012338407096840887
0.048909952437817025
0.09870031859123266
0.05291249572653232
0.08969298785702363
0.03998043359146478
0.018892240334117006
0.08669295310709182
0.04016384845426825
0.08829159840570458
0.028530430706394005
0.025306442466994428
0.049171765978797057
0.025182040458060294
0.0763383455398085
0.06758937781306318
0.007567512826013323
0.06938783812879798
0.01778932365029524
0.06057910235865618
0.04915977250258531
0.0487609182206171
0.002140190692069166
0.030179509924691983
0.09947300639191012
0.0580456783099794
0.00418667375049101
0.0059641931204379665
0.001066429941869118
0.06456245098418513
0.04623873312629797
0.09812632427983528
0.03599999318073756
0.055855672046781026
0.029925715354791927
0.04648918496685121
0.03859099465645917
0.054722864220904
0.05547357328473925
0.014823735223428326
0.04146856977358658
0.012909387636844216
0.014334968316717
0.049823911481377145
0.06517175718676463
0.034625389434566965
0.057225613108766824
0.09464679679197144
0.07371449536225841
0.07824272573034965
0.0823778416200885
0.011939723613156605
0.07192555559627643
0.07954926441534046
0.07408057227428347
0.049194007943609806
0.01243515844946742
0.03228332257832541
0.04480315363441382
0.07758341096152344
0.0893751426754896
0.07413177015824846
0.06304202439822376
0.028444550147834247
0.09784306618259606
0.04828283155354442
0.03858936608632955
0.04869717286262241
0.03066353381421467
0.09523968751759877
0.04987127985689792
0.08200213593779998
0.03707115794294541
0.040733229815939465
0.007126312008192692
0.05258563332661901
0.029200381457080215
0.011922286347962052
0.023721498211721537
0.018737842376217718
0.008374053335119447
0.0522075598595441
0.009419860586524798
0.03327254142423591
0.07594382712772138
0.0035697345470112386
0.07012139681712959
0.08011657581700006
0.06977884166966977
0.09206025750464744
0.020284186593448862
0.04410515194965944
0.0948154226899856
0.06220431178207094
0.026216695135258393
0.025510147120284044
0.045690619176462235
0.0066071937645109545
0.08676583682541045
0.0840656445291402
0.09648241142810923
0.09182880447902772
0.08891986794309456
0.013559161712273327
0.08205767230436051
0.08483237491646531
0.09669762500409798
0.0704650790189291
0.059489947654462874
0.027664025942197544
0.0962950353183881
0.04255927092952187
0.05165921217937312
0.00838718639416558
0.03217656699605322
0.04749901361320262
0.06454946524246945
0.014435191373734469
0.047089861949416424
0.09516458476210879
0.045195193381258915
0.030115266568955145
0.0011997870324050974
0.08322934248657932
0.005577069021850867
0.017542969361837423
0.032617814434396805
0.05132256575776384
0.08486255437495474
0.03493113455980666
0.027688249753434813
0.06410933701780537
0.01952100391138769
0.048228328227014026
0.09706407408186937
0.02245372448730375
0.06698586050437126
0.004288231581795987
0.05085068813044841
0.0818190633348456
0.07891877991540858
0.05314333541248295
0.01962928989918513
0.016433938811903036
0.0015074379055175836
0.0055329127978175465
0.03223042177037887
0.002275039992490335
0.07822300130673379
0.09435216108547348
0.07220629705553529
0.03352229952433681
0.004426986098582664
0.06634928705643803
0.09596988874332238
0.04151997991329011
0.08604240496701995
0.09638926543839194
0.06737359860832681
0.006290611477809849
0.09365605512775177
0.027334166034939066
0.027190185116889663
0.04401161265735039
0.005897330641031507
0.02567973367946481
0.012220186772664532
0.031457571351694066
0.03284363733945622
0.06222407066629741
0.039786051102536205
0.08915956556178974
0.08306233404675224
0.05151806217726505
0.021982737195321077
0.03842531768533595
0.08316851019460839
0.09911765553830551
0.0989269667896513
0.06490707970657936
0.04115409612288386
0.01965075062421323
0.008898576325415675
0.051279490748222835
0.02656780571883982
0.019010045227848937
0.02526364108891497
0.07593135014825687
0.05259505451858567
0.08101594444854957
0.02828268849547072
0.042477247340464305
0.06652677445081848
0.08785549842021527
0.05922618390414393
0.07261587237832631
0.09546996606195576
0.05930159695767166
0.041731755820588225
0.06758827156267593
0.04848319516876885
0.09181425005867135
0.040571449538789085
0.05173120659854803
0.08606953889223336
0.09755585787267243
0.02798412062818397
0.02359690641219354
0.06409763831298972
0.05913553856918857
0.05596851089388131
0.023388495723126835
0.08496452937136331
0.09320751005419273
0.018733545682936625
0.05156112467373423
0.09530411831331424
0.017925146806752067
0.06805872552538364
0.07160412554775678
0.08062992058814315
0.059765771275617864
0.08416270681871327
0.03062413278250011
0.021898392080294406
0.061135235340696904
0.06733134698460475
0.05885732244285104
0.0047371947851761464
0.01584475283029425
0.06410800107582151
0.062457113072374656
0.027214662615590746
0.04198355115844941
0.04489078155427042
0.08351115738654105
0.07752236141773824
0.09734933905611133
0.0009446344521459316
0.017130415346110615
0.030323117902952623
0.05932894935643259
0.04285377422286733
0.0012358681650091019
0.06977575049967476
0.015137647173235059
0.013486657117189937
0.05342736920504639
0.07006132157742408
0.05086116484997307
0.054055983151266765
0.08153489346766489
0.09980850921419207
0.05363817115526652
0.03149394067218207
0.009822598286238627
0.07932969865699194
0.07816676325787951
0.07768497648566844
0.047250084236387824
0.02680026714112186
0.024821420734106238
0.06148368909400702
